Speaker,Manx,SubStart,SubEnd,Origin,Confidence
,manx radio podcast power baie shoh,0.12,3.24,asr,100
,shoh abbyr shen reesht ta shin goaill toshiaght y cheayrt shoh lesh meeryn ass shiaght laa as she fiona mcardle chebbal chlaare shoh yn fer s'jerree sy strane,9.37,19.36,asr,90
,shoh jee chengey chadjin ayns ladjin ec braaraghyn abyl roie,19.39,29.53,asr,62
,voish boayl erbee v'ad er jeet dys mannin,30.28,33.28,asr,100
,as neesht vel adsyn yn chengey offisheryn reeaghyn vannin jannoo ymmyd jeh ayns recortys,34.03,40.24,asr,100
,ny s'anmey va ny records ayns baarle,41.68,44.26,asr,100
,chengey yn lught thie stanlagh as ocsyn va mygeayrt-y-moo,44.86,48.55,asr,96
,ta pobble yn ellan loayrt nyn jengey hene,50.05,52.51,asr,92
,vershoon jeh'n ghasserick y ghaelg,53.14,55.21,asr,52
,va doilleeid ayn kyndagh rish ny earrooyn beggey dy leih v'ayn,56.29,59.86,asr,100
,er yn oyr dy row eh cho costallagh clou magh lioaryn sy ghaelg,60.40,64.90,asr,95
,nyyeih va craueeaght ny ayrn feer scanshoil ayns bea yn vobble,66.13,70.99,asr,95
,as va imnea ayn nagh beagh vondeish tushtey creestee oc ayns y ghaelg,71.86,77.14,asr,94
,er yn oyr dy row yn aglish as cre cho pooaral as scanshoil,78.31,82.45,asr,88
,v'eh jantagh clou magh teksyn crauee dyn y wooise da ny hed oo yn beggey dy leih,83.02,88.69,asr,74
,dy beagh yn briwnys dy chlou magh yn bible ayns y ghaelg er ve faagit da kuse veg,90.04,96.31,asr,100
,ny smoo dy vleeantyn scosoylagh nagh ragh ee er clou edyr,96.88,101.26,asr,95
,as dy beagh yn aglish er chur er sleih baarle ynsaghey,101.77,105.73,asr,100
,myr v'ad ayns ny scoillyn oc ayns ynnyd jeh'n ghaelg,106.27,109.54,asr,98
,shen ayns shiaght laa yn cheayrt s'jerree mychione baase illiam dhone,115.81,119.92,asr,91
,yn william christian sy vaarle goaill stiagh kuse veg dy ronnaghyn,120.64,125.11,asr,95
,mie er enn aym er e chione as mychione eh va,125.80,129.34,asr,59
,hooar illiam dhone baase ayns shey cheead jeig tree as tree feed,131.26,135.58,asr,83
,agh ta doilleeid ayn feddyn magh mychione yn chied traa va sleih goaill toshiaght yn arrane mychione illiam as y baase,136.27,144.37,asr,84
,eer ny smoghey na shen foddee,146.68,148.84,asr,87
,fod mayd lhaih ayns y ghaelg nurree ballot,149.71,153.19,asr,74
,ta ginsh dooin hoshiaght mychione mannanan mac lear,153.70,157.06,asr,94
,as yn aght v'eh sheebit magh liorish noo perick as y chreestiaght,157.75,162.55,asr,100
,ta'n bannag geiyrt er shennaghys vannin derrey yn lught thie stanlagh ny lomarcan,163.93,169.69,asr,86
,nyyeih ta sleih ayn ta smooinaghtyn foddee dy row eh scruit foddey sanmee,171.07,176.95,asr,80
,liorish peiagh ennagh ren dy joianagh screeu ee dy beagh sleih credjal dy row ee ny shinney,177.34,184.24,asr,88
,va ourys ec yn arrymagh feohoilys albert dy row eh screeuit liorish yn arrymagh thomas crushtin,185.77,192.61,asr,90
,ayns ny bleeantyn shiaght cheead jeig jeih as kiare feed,193.12,196.84,asr,100
,ren thomas christian stroo vershoon jeh pargys caillt liorish millt ayns gaelg,197.83,203.38,asr,94
,barran elley chymsit liorish peter held ayns shiaght cheead jeig nuy as feed ec cooatyn aspit,205.03,212.98,asr,82
,voish arraneys jeh shenn ven,213.61,215.77,asr,100
,as va shen bentyn rish fin as oshin,216.40,218.92,asr,100
,fiona mcardle loayrt mychione lioaryn as,220.78,223.21,asr,92
,sy ghaelg roish shoh chloie dy dunnal quaiyl chebbal chlaare kiaull as cooish fastyr jeheiney eddyr queig as shey beeym er am threejeig sheyadhoght,223.78,234.34,asr,81
,syn aght cadjin ain ayns shoh ayns abbyr shen reesht ta shin clashtyn yn chooish agh cha,235.12,240.16,asr,93
,veg jeh'n hrog ry chlashtyn fastyr,240.67,251.29,asr,63
,ta mie as failt erriu dys kiaull as cooish mish da'n oo quaiyl as er y claare fastyr jiu neemayd geaishtagh rish kiaull veih feiy ny cruinney,251.11,260.62,asr,95
,myr dy cliaghtagh erlheh er ny seihill,261.13,265.30,asr,82
,celtiagh jiu erlhiams jus,265.93,268.54,asr,100
,er yn oyr cre'n fa nagh,269.56,271.75,asr,91
,she yn nah laa jeig t'ayn,273.40,275.92,asr,100
,jeh'n vlein noa daa housane as kiare as feed,276.52,280.60,asr,100
,as cre'n traa seyr geaishtagh rish kiaull celtiagh well foddee shiu cur fys dou er ny moggylyn sheshoil my vees ansoor lhieu agh erlhiams,281.14,291.76,asr,97
,ayns nagh bee well va shen duncan lille lesh,291.55,296.95,asr,79
,ny trees as haink shen son e chione aym,297.73,301.39,asr,86
,jus fakin dy row aym shen yn peesh dy hiaull vad cleiy roish as lurg,302.59,308.56,asr,86
,dagh cuirrey kiaullee aeg kianglaghyn celtiagh er lhiam's daa housane as nane as feed,309.10,315.85,asr,94
,paa ayn va'n clane feailley er linney,316.24,318.76,asr,72
,as gowee yn feailley hene cleiyagh yn chiaghtin shoh cheet shoh my vees peiagh erbee cleiy ec yn feailley shen,319.78,329.23,asr,93
,goll huggey s'treisht lhiam dy jean shiu goaill soylley jeh,330.43,335.20,asr,100
,well smooinee mee lhig dooin goll er,335.86,339.28,asr,100
,ren shin goaill toshiaght shoh paart dy chiaull veih mie cass haink eh magh ayns daa housane as feed,340.03,348.49,asr,92
,as v'eh recortit as mestit echey hene ayns y thie echey,349.00,353.32,asr,98
,ve aym currit magh aym dy chooney lesh sleih er agh jus dy chur kiaull da sleih cha row eh,354.10,360.97,asr,96
,cha row eh ayns feme jeh argid veih'n veih'n pheesh erlhiams dooyrt myr,362.17,366.97,asr,89
,ta fys aym dy vel feme ec dagh kiaulleyder er argid agh dooyrt eh,367.84,372.37,asr,88
,cha nel feme eu geeck son yn albym shoh mannagh sailliu sorch s'treisht lhiam dy ren sleih geaishtagh rish,373.03,381.19,asr,97
,hooar mee yn caa shoh paart dy hiaghtinyn er dy henney as t'eh enmyssit,381.70,386.20,asr,100
,dys streng mike,387.04,389.47,asr,47
,ayns shen lesh streean as magher dooyrt mee roish shen,390.19,395.26,asr,78
,yn nah laa jeig jeh ny y vlein noa daa housane as kiare as feed t'ayn,396.16,404.50,asr,91
,cha jeanym goll er son dy bragh gra,404.80,407.62,asr,100
,she yn feedoo,408.85,411.10,asr,100
,she yn feedoo laa jeh'n vlein noa t'ayn ny red erbee myr shen agh jus er-yn-oyr dy nee yn chied vee jerrey geuree t'ayn smooinee mee dy vel shen sheeanal ny share,412.60,422.92,asr,97
,my ta shiu coontey nagh vel er well s'cummey ta firrinagh agh foddee shiu cur fys dou er ny moggylyn sheshoil as foddee dy jeanym caghlaaghyn aigney aym,423.70,432.58,asr,94
,well c'red ta goll er mychione chiaghtin shoh well lhig dooin fakin,433.54,440.23,asr,100
,ta ram stoo myr dy cliaghtagh as erlhiams dy vod shiu cur,440.92,444.37,asr,86
,ram jeh ta shin lhaih magh yn,445.15,448.48,asr,100
,da stoo ta goll er agh cha nel eh caghlaa feer vennick dy insh yn irriney,449.68,455.80,asr,91
,lhig dooin fakin vel eh er chaghlaa yn chiaghtin shoh,456.91,460.42,asr,100
,mie dy liooar er my,461.44,463.87,asr,71
,mairagh bee yn nobles park rhym ec lieh lurg hoght dys jeih er y chlag,464.44,470.17,asr,96
,tooilley fysseree mychione shen rygheddyn eg park rhympene god ponk hug eh,471.58,475.72,asr,84
,aym agh s'liklee dy vel shiu er nakin shen my vees,476.59,480.04,asr,86
,er dy firrinagh ta mee ginsh diu mychione dagh shiaghtin,480.88,483.58,asr,94
,enmyssit cummal ayns rhumsaa obbree castletown and my loo kione droghad,484.48,490.60,asr,89
,well foddee shiu goll as loayrt rish ny olteynyn jeh'n chiare as feed jeu ta tooilley fysseree mychione shen rygheddyn ec,492.85,500.74,asr,93
,radio piece bee ad goll ec ymmodee traaghyn anchasley er y chooid smoo sy voghrey erlhimmey jeh ayns doolish ayn,501.52,510.85,asr,89
,ta aym as eisht jedoonee,512.32,515.44,asr,59
,cha nel shin rieau jeeaghyn er yn chiaghtin jeeaghyn er y chione shiaghtin as jedoonee ayns,515.86,521.23,asr,94
,balley chashtal myr ta shiu feayr bee creck coayl ghleashtan ayn,522.31,527.29,asr,91
,cheusthie morton hoal ayns sand feoilt as bee shen,527.65,532.60,asr,84
,eddyr jees as lieh lurg tree tooilley fysserree,533.14,536.41,asr,100
,raidio ponk come madyr cliaghtagh,537.61,540.04,asr,54
,agh honnick mee ayr aym,540.64,542.71,asr,100
,v'eh stook jeh ooilley ny buill oddins er ve moghrey jiu er dy nee laa ruggyree kiaulleyder feer ennoil t'ayn jiu laa,543.70,553.96,asr,100
,ruggyree my lhie shen my lhie,554.02,558.25,asr,56
,shen yn dooinney lesh yn laa ruggyree jiu so lhig dooin geaishtagh rishyn johnny cartee as t'eh ny glen play mec,559.27,569.44,asr,100
,at my lhie john cartee as artie ny glioon cleigh mec,574.84,580.03,asr,31
,as y laa ruggyree sonney dhyt,582.37,586.15,asr,90
,er te er lhiam's dy vel eh shiaght shiaght bleeaney jeig as three feed tree feed,587.89,595.06,asr,96
,bleeaney jeig as shiaghtjeig cha nel mee shickyr cre'n aght lhisagh shiu gra shen,596.26,600.85,asr,100
,agh shen yn eash t'eh ansherbee,601.39,603.79,asr,93
,lhig dooin jeeaghyn er faaishnys ny hemshyr rish,605.14,608.65,asr,100
,tullagh well actually roish shen roish shen,609.25,613.12,asr,75
,aym bee yn phossan,614.02,616.24,asr,33
,haink mat vie clea eg kianglaghyn celtiagh foddee nagh vel shiu er chlashtyn mychione shoh agh bee,616.96,624.34,asr,93
,bee band cheet rycheilley reesht son cuirrey kiaullee,625.03,628.69,asr,89
,ayns glass ghoo ec kianglaghyn celtiagh hed shen er cummal er yn nah laa as feed,629.77,636.73,asr,94
,bee shen ayns jeih laa ayns jeih laa bee shen,639.16,642.31,asr,93
,paart ayns glass ghoo ta ny tiggadyn mysh,643.09,646.51,asr,83
,daa feed mysh daeed punt,647.44,650.26,asr,96
,er y pheesh agh cha nel ad er chleiy cuirrey kiaullee daa,650.95,655.36,asr,67
,er neesht nuy cheead jeig,655.66,658.15,asr,65
,as er lhiam's dy row eh tree feed as nuy jeig,658.66,664.36,asr,100
,shen tammylt foddey dy liooar aym,664.93,667.96,asr,94
,bee ad cheet rycheilley dunnal lhunnee,668.59,671.29,asr,92
,nee mayd my lhie paddy keaynyn paddy glackan keddin baark as,672.10,679.84,asr,91
,shoh greim cleigh yn tar,681.37,684.88,asr,64
,bee shen ny cuirrey kiaullee lane symoil mannagh vel caa goll gys shen,686.98,692.05,asr,85
,bee tooilley fysseree,692.98,695.17,asr,81
,mychione curraghyn kiaullee elley rygheddyn lesh coontey giare,695.80,699.49,asr,100
,agh tooilley fysseree mychione y chuirrey chiaullee shen ec celtic connections punt,700.87,705.58,asr,100
,as mannagh vel shiu feddyn yn bobby barrant shen er yn oyr dy vel yn ynnyd echey red beg quaagh as tra ta ny ellyneyryn goll,707.20,716.47,asr,95
,er ayns order ayns oardagh,718.36,721.27,asr,91
,well tar ad ny possanyn ta goaill toshiaght lesh,721.87,726.19,asr,100
,ooilley folt so shen yn oyr nagh vod shiu feddyn eh s'liklee aym agh,727.90,733.57,asr,95
,my ta shiu jeeaghyn fo tee foddee shiu feddyn shen as foddee dy vel tiggadyn foast rygheddyn,734.08,739.39,asr,100
,shoh diu nish faaishnys ny hemshyr son yn chiaghtin shoh as well,740.02,747.04,asr,100
,er y chooid sloo son noght,748.06,750.25,asr,100
,nee eh tannaghtyn chirrym dy liooar well ta shoh cheet veih yn ayr,751.48,755.08,asr,91
,metafissig offish meat ayns roonysvie cha nel eh cha nee mish ta gra yn stoo shoh aym,755.71,762.64,asr,89
,nee eh tannaghtyn chirrym as red beg bodjallagh noght as foddee dy bee paart dy lhiah,763.18,770.56,asr,92
,ec jerrey ny hoie aym,771.73,774.04,asr,100
,foddym clashtyn coraa vod shiuish clashtyn shen,775.18,777.37,asr,100
,er y fa shen ersooyl nish aeg va mee gra bee paart dy gheay ayn as,778.00,784.45,asr,98
,cha jinnagh tuittym tree keim celsius,785.11,788.86,asr,90
,paart dy vodjallyn mairagh as fliaghey neesht as eisht gaase chirrym as gial syn astyr,790.30,797.65,asr,94
,bee paart dy gheay ayn neesht as tempreilys syrjey ec hoght,799.42,804.31,asr,94
,well jeant doonee bee paart dy lhiah as ram,805.36,810.73,asr,100
,ram bodjalyn ta jeeaghyn as bee'n gee ec gaase red beg as tempreilyssyn syrjey roshtyn dys shey keim celsius,811.54,821.86,asr,98
,hed unnane,823.90,825.28,asr,20
,hig yn ghrian seose reesht moghrey mairagh,826.00,829.27,asr,98
,lieh yn laa un vinnid lurg lieh lurg hoght,832.12,835.99,asr,91
,as hed eh dy lhie reesht aym,836.95,839.98,asr,86
,aeg tree minnid as feed lurg kiare syn astyr,841.18,846.43,asr,100
,fysseree mychione ny baatyn as ooilley yn stoo symoil shen rygheddyn ec manx radio polt cum ooilley feiy'n laa as bee,847.48,857.35,asr,95
,bee eh heose gys daayt aym ta,857.14,860.92,asr,47
,neesht ta earrooyn foddee shiu chellvaney orroo aym she keayrt sy laa t'ad caghlaa faaishnys ny hemshyr er neunhee,862.72,870.85,asr,100
,eh neunhee neunhee shee jees kiare tree tree neunhee neunhee,871.18,876.04,asr,93
,neunhee neunhee neunhee shee jees kiare tree tree neunhee neunhee,876.76,884.35,asr,93
,as my vees shiu laccal loayrt rish peiagh ennagh mychione yn emshyr well shen neunhee,885.34,891.22,asr,100
,neunhee neunhee shee jees,891.85,894.55,asr,75
,tree jees neunhee neunhee,895.18,897.43,asr,88
,neunhee neunhee neunhee she jees kiare tree,899.53,903.73,asr,91
,jees neunhee neunhee as ta ooilley ny henmyn shen,904.27,908.38,asr,90
,costal lieh phunt,909.16,911.56,asr,82
,as eisht cre erbee tayrn er shirveishagh eu baarail son y lheid shen,912.37,919.30,asr,91
,ta nish paart dy shen,919.63,923.32,asr,17
,lesh ta tree y lift as roish shen cheayll shiu laaghyn seyrey veih jacky,924.22,929.80,asr,90
,shoh yn traa sy chlaare ta mee ginsh diu as kirkinagh diu dy vod shiu fakin ooilley ny rollaghyn jeh yn chiaull ren shin cloie er y laa er yn duillag instagram,930.91,941.23,asr,96
,ain as ta mish cooinaghtyn s'liklee nagh ren mee cur y heose foast veih yn chiaghtin shoh chaie agh t'eh goll as bio as eisht shegin dou jus cur,940.93,951.25,asr,83
,erash lurg laa aym,951.34,953.65,asr,78
,foddee shiu fakin ad ooilley er yn duillag instagram ain as my shiu laccal feddyn rolley kiaullee erbee elley,954.55,961.15,asr,100
,well jus cur chaghteraght dooin eck at kiaull as cooish er y moggyl sheshoil erbee as foddym geddyn shen dy iu son shickyrys,961.84,972.04,asr,100
,aym my ta shiu laccal clashtyn kiaull erlheh erbee curjee fyss dou er ny moggylyn neesht as,972.91,983.14,asr,93
,foddym reaghey shen as my vees fys eu mychione kiaull noa vees cheet magh,983.26,988.87,asr,91
,curjee fyss dou innis honnick mee ayn ayns ny laghyn shoh chaie honnick mee dy bee albin noa cheet magh veih,989.59,998.26,asr,100
,michael ny goll breck as yn lughtthie echeysyn,998.92,1001.71,asr,79
,er ta shen enmyssit wan foddey royd,1002.22,1005.40,asr,55
,as hig shen magh yn vee shoh cheet er lhiam's as albym noa vie aym,1005.91,1012.63,asr,97
,cre'n ennym t'er y phossan shen eh noin,1013.38,1016.74,asr,100
,bee shen magh ayns,1017.34,1019.59,asr,83
,kegeesh erlhiams ram kiaull cheet magh ayns kegeesh cheayll shin dy bee albym noa veih hie magh as ta mee er chlashtyn shen y shegin dou gra,1020.25,1030.48,asr,98
,ga dy vel eh feer vie aym,1030.33,1032.49,asr,82
,my ta mee gra shegin dou gra shen ta mee gra shen er yn oyr dy vel mee coontey dy vel eh feer vie cha nel mee gra shen er yn oyr dy vel peiagh erbee cur orrym gra shen,1033.54,1043.02,asr,96
,cha bee albym noa cheet magh veih,1043.29,1046.02,asr,86
,yn y vian neese er loayrt mychione yn roie cloieder banjoe ren cleigh er albym,1046.53,1053.85,asr,71
,veih meck leah as ta cloie ayns y phossan dollaghan neesht as tra ren mee paart dy ronsaghey jeh ooilley yn chiaull ta shin er chloie er y chlaare shoh well,1055.26,1065.82,asr,96
,well rish paart dy hiaghtinyn erlhiams dy row t'ou hannah dagh shiaghtin so s'liklee dy vel fys eu ooilley mychione yn phossan shen agh ta er jeet ry cheilley marish,1065.70,1076.59,asr,97
,ta ram kiaulleyderyn yindyssagh dy yannoo shoh goaill stiagh moghrey shen as buinney,1076.47,1083.07,asr,87
,yn ennym echey ren mee jarrood yn chiaghtin shoh chaie gow shiu my leshtal,1083.76,1087.75,asr,100
,quoi elley chris eddin guitar clever yindyssagh ren cloie ayns y phossan y voorey rish tammylt tra v'ad goaill,1090.12,1099.15,asr,88
,feaill toshiaght as nish er y chooid smoo ta gobbragh ayns y studio echey ec y,1098.97,1103.83,asr,85
,howse aym quoi elley ayns y phossan,1104.70,1108.93,asr,68
,t'eshyn cloie ayns dollaghan neesht as ayns possanyn lheid,1110.79,1114.48,asr,97
,as v'eh cloie ayns possan enmyssit keoieid ass,1115.83,1119.49,asr,100
,twoaie hostyn va feer vie neesht so t'eshyn er y chishtey kiaullee,1120.84,1124.83,asr,92
,ta shin er loayrt mychione ta shin er loayrt mychione baase as chris as eisht dunnal heh,1126.00,1132.51,asr,77
,as eshyn ny cloieder dollanyn yindyssagh t'eh cloie ayns y phossan,1133.14,1138.24,asr,100
,blein dogs ta shin er neaishtagh rish ymmodee keayrtyn er y chlaare shoh,1138.75,1142.29,asr,55
,as t'eshyn er ny dromman cur rycheilley yn albym,1142.92,1146.58,asr,85
,shoh enmyssit occupational chassid as hig shen magh neesht er yn cheyoo laa as feed shoh yn singyl,1148.47,1158.43,asr,100
,but s'noa er jeet magh veih'n albym shen steat as niart,1158.40,1162.99,asr,92
,yn ghrian band as steat ta niart,1163.98,1166.05,asr,66
,well troggit,1166.56,1169.20,asr,53
,ruggit as troggit ayns divlyn,1169.89,1172.83,asr,87
,she meeghyn t'eshyn ny son geaishtagh rish nish,1173.34,1177.39,asr,78
,yn cleigh feddan as yn vouyr ayn as t'eh aa-chloie ayns possanyn lheid aachroo troiddey as eh hene as aym,1178.08,1187.68,asr,94
,y tract shoh te cloie marish shen mccartney er y chitar,1188.25,1193.05,asr,62
,ta dunnal dunnal ee er yn fiddyl,1194.16,1196.44,asr,40
,conney brodrick ayr yn pianney as well,1197.79,1201.09,asr,73
,as poyll feeaghyn ayr bouyran,1201.87,1205.17,asr,53
,as neesht chebbal hutchinson er y vees,1205.74,1209.31,asr,77
,shassoo yn shassoo,1210.54,1212.85,asr,100
,tayrn er track shoh enmyssit spanish point as cha lhiass t'ou gra monney mychione,1213.39,1218.28,asr,90
,son dy vel eh loayrt rish hene,1218.82,1220.86,asr,100
,shoh spanish pointit liorish keddin meeghyn,1221.16,1224.46,asr,98
,gow my leshtal shen keddin meeghyn,1226.17,1228.45,asr,79
,lesh spanish point car scruit echey hene as s'laik lhiam,1229.41,1233.19,asr,91
,shen dy mooar dy firrinagh,1233.76,1236.10,asr,77
,car ard-yindyssagh goaill stiagh ooilley ny kiaulleyderyn ren mee gimraa roish shen,1236.58,1241.53,asr,93
,by vie lhiam cur my wooise as radio vannin son jannoo yn claare shoh jantagh,1242.61,1248.73,asr,100
,as ooilley yn sleih er being ymskeaylley gailckagh t'ad jannoo ram obbyr cooyl,1249.24,1254.97,asr,95
,cooyl yn naa yn yn chlaare,1257.10,1259.74,asr,100
,my ta as t'ad jannoo dy chooilley red jantagh as s'laik lhiam gobbragh marish ooilley yn sleih shen,1260.31,1266.70,asr,95
,dy yannoo claare myr shoh er,1267.57,1271.08,asr,76
,yn argid ec yn oie as bing gymskeaylley gaelgagh cha beagh claare myr shoh jantagh so ta mee dy kinjagh laccal,1273.15,1280.89,asr,98
,my wooise daase dauesyn,1281.55,1283.77,asr,83
,as er lhiam's dy vel eh traa son aym,1286.77,1289.17,asr,89
,cur jerrey er y laa lesh paart dy hiaull,1289.86,1293.64,asr,98
,ta cheet veih cheumooie jeh ny cheeraghyn celtiagh agh cha nee cheumooie jeh ny tradishoonyn celtiagh shoh possan ass yn chanadey,1294.27,1303.81,asr,98
,eck enmyssit moal as gyn chanadey as america,1304.35,1308.13,asr,91
,as t'ad enmyssit noo,1308.64,1311.28,asr,87
,as t'ad cleigh yn caa shoh dy cleayshyn magh shoh red,1312.06,1316.53,asr,94
,ta shiu er ve geaishtagh rish kiaull as cooish,1325.89,1328.44,asr,100
,er ny stiurey liorish deiney whaiyl as lesh kiaull veih feiy ny cruinney myr ren shiu shaghey ayrn erbee jeh'n chlaare foddee shiu geaishtagh erash,1329.52,1339.78,asr,93
,vees shiaghtin er radio,1340.14,1342.24,asr,72
,ny foddee shiu feddyn ooilley ny claareeyn,1343.38,1346.20,asr,100
,elley veih radio vannin ayns shen hee'm shiu yn chiaghtin shoh cheet,1346.89,1351.21,asr,81
,dy vel oo quaiyl as claare vees jeant eddyr rugby sheeal radio vannin kiaull as cooish,1358.14,1363.09,asr,86
,goll as gaccan vees goll er skeaylley magh fastyr jedoonee ta shin clashtyn yn chied ronney jeh vershoon joaraghyn tradishoonagh sy ghaelg ersooyl sy feiyr morrison,1364.35,1374.43,asr,81
,persoon shoh veih ben enmyssit elisabeth croan,1374.58,1377.97,asr,84
,lurg shen ta shin clashtyn y nah ayrn jeh skeeal scruit hoshiaght sy vaarle ec doirrey broo,1378.99,1384.21,asr,100
,as y ghaelg currit urree liorish brian mac stoyll,1384.84,1387.45,asr,94
,sy skeeal ta noo pharick er jeet stiagh syn ellan as er hoie ry lhiattee y fer obbee mannanan mac lear,1388.44,1395.67,asr,96
,goll as gaccan keayrt va mee aeg,1396.60,1399.66,asr,100
,keayrt va mee aeg as nish ta mee shenn keayrt va daa sweets niartee-ym as nish cha nel nane,1400.83,1407.34,asr,96
,as jeeagh shiu er my laue kys ta,1408.21,1410.67,asr,100
,kys ta craa as jeeagh shiu er my laue kys ta craa,1411.18,1416.04,asr,88
,lhie ny times da screeu son y hoilshaghey diu,1417.09,1421.50,asr,84
,kys ta deiney aegey miolit liorish mraane liorish mraane,1422.46,1426.72,asr,93
,kys ta deiney aegey mollit liorish raad,1427.35,1430.92,asr,86
,goll as gaccan ny tree cassyn obbee,1442.05,1445.80,asr,100
,myr shen tra v'ad er hroggal fastee veih'n dossan daue hene ersooyl lesh noo perick gys yn ellan mooar,1447.09,1456.54,asr,99
,agh cha nee agh kesmad tayn ec mooar,1457.26,1460.71,asr,73
,as she preacheil rish vee as bashtit ard as bannaghtyn bannaghey ny baatyn oc tra hie ad gys y skeddan,1461.88,1472.20,asr,87
,agh hoshiaght dy eebey eh dy chooilley ardnieu as rannag,1472.80,1477.93,asr,51
,yn ellan as sooill,1478.92,1481.23,asr,38
,as eshyn as lhig shiu,1481.80,1485.10,asr,70
,oo fakin bun ny baa jiu arragh,1485.49,1488.73,asr,5
,as feer eh cha nel uss nane erbee,1489.33,1493.23,asr,81
,cretooryn my hirrys oo veih un chione jeh'n ellan gys yn chiarn elley ny,1493.95,1500.94,asr,68
,neesht v'ad gynsaghey da ny manninee yn aght ny manninee oc ny,1501.78,1506.73,asr,81
,as dy iu as fee alone nyn geearree oddagh y yannoo diu hene,1508.11,1514.41,asr,65
,as lurg tammylt cha row ny hellanee geeck keeshyn da mannanan,1515.13,1520.80,asr,97
,well va'n fer shen goit dy agglagh,1523.11,1526.50,asr,100
,v'eh fajeil eh paart dy ny,1527.01,1529.17,asr,52
,bee eh mygeayrt yn ellan er y fa dy row ny mean oie ayn hannah as bentyn rish,1529.50,1535.77,asr,87
,un dooinney er ny crink dy yeeaghyn gollrish keead dooinney oddagh yn fer casherick fakin aashagh dy liooar quoi jeu voyn,1536.31,1544.62,asr,96
,myr shen ren nyn kaytlaare hene gys tree cassyn kianglt ry-cheilley as coamrit ayns oilley,1545.13,1553.29,asr,76
,raad erbee cheauys oo mee ta mee shassoo as eshyn as ersooyl lesh sheese sy chronk,1554.25,1560.85,asr,89
,lossey aile sy tra honnick noo perick dy row eh cheet ny yei cha row eh boirit,1561.30,1568.32,asr,80
,ghow eh toshiaght dy cheayney,1568.89,1570.99,asr,86
,eilley vroghil noo paardit,1571.53,1574.59,asr,60
,ta sorch dy heeym as sorch dy phadjer as,1575.04,1578.55,asr,17
,va crooit echey hene ooilley ny meainyn eh y ghoaill neesht as cha dod,1579.93,1586.86,asr,84
,mannin manninyn jannoo skielley diu,1587.40,1590.55,asr,86
,yn eailley vroghil eddyr ocsyn as eshyn,1591.72,1595.32,asr,89
,myr shen ren eh caghlaa hene erash gys y cummey echey hene as dinsh eh da noo perick dy baa da immeeaght,1596.61,1604.35,asr,96
,as shen dy tappee agh cha ren parick agh troggal y lorg as jeeaghyn,1604.95,1611.10,asr,85
,dy loghtal myr haink yn noo,1612.21,1615.60,asr,0
,ny sniessey da'n fer obbee sleetch fer shen ny sodjey veih,1616.11,1620.43,asr,93
,gys ayns y jerrey hyndaa mygeayrt as ersooyl lesh seose,1620.97,1625.26,asr,73
,lesh y gheay goll un oie as yn dossan,1626.40,1629.73,asr,65
,cheu y chooylloo eisht hrog ny maynee saum molly as haink ny manninee magh ass nyn dhieyn as va dy chooilley pheiagh,1630.84,1641.22,asr,98
,goaill boggey er y fa nagh vel oo goaill,1641.37,1645.21,asr,80
,roish manannan ny geeck keeshyn da,1645.81,1648.72,asr,83
,goll as gaccan ayrn elley jeh skeeal enmyssit ny tree cassyn obbee scooter doirrey broom as chyndait sy ghaelg ec brian mac stoyll,1660.09,1669.51,asr,87
,hig ayrn s'jerree yn skeeal shen y nah cheayrt tra ta phil gawne goaill ayrn sy chlaare goll as gaccan marish simon clarke,1670.53,1678.09,asr,88
,ayns chyndaays sy ghaelg ta shin lhaih trooid dracula liorish bram stoker ayns claare ny gael fastyr beg jedoonee,1679.80,1686.07,asr,85
,mina harker cheet dy ve boirit sy chamyr lhiabee eck,1687.00,1689.97,asr,91
,gys yn uinnag as er nakin cheet stiagh ayn as y ree dy vel eh jeeaghyn dy ve smoo sy voalley,1691.29,1697.50,asr,82
,as nish ayns aght ennagh t'ee cosney stiagh sy chamyr eck,1698.55,1702.33,asr,100
,smooinee mee dy row mee my chadley as fuirraghtyn er jonathan dy heet back,1707.55,1712.05,asr,100
,va mee feer imneagh mychione echey as va mee,1713.07,1715.92,asr,98
,dy yannoo veg va trimmid ny lhie er my chassyn as er my laueyn as er my inchyn nagh dod veg goll ec y vieauid cadjin,1716.55,1725.28,asr,97
,as myr shoh ren mee cadley dy neuaashagh as smooinee mee,1726.21,1730.44,asr,100
,eisht ghow eh toshiaght er cheet dou dy row yn,1731.67,1735.24,asr,96
,trome as tasht as feayr,1735.87,1737.94,asr,77
,ren mee cur yn eaddagh lhiabbee veih my eddin as hooar mee magh lesh yindys orrym dy row dy chooilley red dorraghey mygeayrt-y-moom,1739.08,1747.42,asr,100
,va mee er n'aagail hamburg ass son jonathan agh currish injil,1748.38,1752.25,asr,80
,agh cha daink mee agh myr drilleeyn feer jir trooid y cheh,1752.97,1756.60,asr,85
,as v'eh jeeaghyn dy row yn oie shen er jeet dy ve ny s jee as,1757.32,1761.13,asr,97
,va stiagh sy chamyr eisht haink oo dou dy row mee gooney yn uinnag roish my daink mee dy lhie,1761.85,1769.29,asr,90
,veign er chosney magh ass dy yannoo shickyr mychione shen agh,1770.55,1773.70,asr,100
,v'eh jeeaghyn dy row gorley cadlee trome ennagh ny lhie myr geulaghyn er-moyll,1774.36,1779.13,asr,90
,as eer er my hannee mee my lhie gyn gleashaghey as ren mee,1779.76,1785.91,asr,97
,shen myr ve ren mee dooney my hooillyn,1786.36,1790.17,asr,92
,agh dob mee foast fakin trooid ny ferooghyn aym s'yindyssagh eh ny clinkyn ta'n ashlishyn cloie orrin as cre cho cooie fod mayd sheiltyn,1791.04,1799.50,asr,96
,haink eh dy ve ny s'dee as ny s'dee,1801.09,1803.85,asr,85
,as dod mee fakin nish yn aght v'eh cheet stiagh ayn,1804.48,1807.30,asr,86
,dy dod mee fakin ee gollrish jaagh ny bree baneyn ushtey vees cloie deayrtyl stiagh ayn cha nee ec yn uinnag nagh agh ny,1808.68,1816.78,asr,91
,yn dorrysh haink eh dy ve ny s'dree as mysh jee,1817.23,1821.52,asr,74
,derrey v'eh jeeaghyn dy daink ee cooidjagh ayns sorch dy fillym bodjallagh sy chamyr as trooid y vullagh jeh dod mee fakin sollys rass soilshean,1822.12,1832.23,asr,94
,gollrish shooyl jurby ren reddyn goaill toshiaght er cassey mygeayrt trooid my inchyn kiart myr va'n bill y bodjal od mayd gobbyr mygeayrt sy chamyr as trooid shoh,1832.14,1842.28,asr,87
,as ooilley haink goo ny scriptyryn,1842.28,1844.53,asr,55
,pillaryn bodjal sy laa as dy,1845.04,1847.23,asr,78
,row ee dy jarroo leeideilys spyrrydoil jeh'n lheid shen va cheet dou as mish my chadley,1849.48,1855.48,asr,92
,agh ta'n pibbyr jeant seose jeh'n leeideilys chammah's sy laa as syn oie erson va'n aile sy tooill,1856.62,1863.01,asr,99
,lesh yn oie shen va cleayney noa eck er my hon,1864.39,1867.57,asr,82
,derrey chouds va mee jeeaghyn er ren yn ainle scarrey,1868.89,1873.15,asr,98
,as v'eh jeeaghyn dy hoilshean orrym trooid y gollrish daa hooill jiarg jeh lheid dinsh rooshee dou mychione oc rouailtys aigney shallidagh eck,1873.84,1883.38,asr,91
,ren soilshey ny greiney va lheie ersooyl bwoalley uinnagyn keeill boirey,1885.12,1889.92,asr,97
,dy doaltattym ren uss goghe brishey stiagh orrym dy row eh myr shoh dy row jonathan er nakin ny mraane atchimagh shen gaase gys lheeaghid trooid y chray,1891.30,1901.56,asr,94
,va cassey mygeayrt fo'n rehollys as yn ashlish aym t'eh jeeaghyn dy ren mee goll neeal erson ec dy chooilley red dy,1901.89,1910.35,asr,92
,ghorraghys doo va'n eab sjerree jeant ec sheiltnys as va ennaghtyn aym er,1910.77,1916.59,asr,93
,dy hoilshaghey magh dou eddin croymmey sheese harrym ass y chray,1917.25,1922.08,asr,75
,shegin dou ve kiarailagh mychione ashlishyn jeh'n lheid shoh,1924.42,1927.75,asr,91
,erson yinnagh ad cur peiagh ennagh ass keeayl dy row rouyr jeu,1928.20,1931.77,asr,100
,yinnin shirrey er yn erlhee van helsing,1933.66,1936.00,asr,87
,yn erlhee seward oardrail red ennagh yinnagh cur orrym cadley,1936.45,1939.81,asr,91
,agh nagh vel mee geearree agglaghey ad yinnagh lheid yn ashlish ec y traa t'ayn cheet dy ve feer stiagh ayns ny assylyn oc er,1940.41,1947.97,asr,94
,noght neem cur eab er cheet dy ve my chadley dy dooghyssagh,1949.65,1953.25,asr,100
,mannagh vel mee oie ny vairagh neeym cur orroo cur dou towse dy,1953.79,1957.57,asr,100
,cha nod shen jannoo assee dou yn un cheayrt as nee cur dou saveen mie fudnyhoie,1958.77,1964.14,asr,89
,ren un oie riyr skee mee ny smoo na,1965.61,1968.37,asr,88
,mannagh row mooar er chor erbee,1969.30,1972.66,asr,90
,y nah laa jerrey fouyir roie ren mee cadley agh cha ren mee dreamal,1974.97,1981.30,asr,81
,teh jeeaghyn dy ren mee cadley dy trome er son cha row mee er my ghoostey liorish jonathan cheet,1982.14,1987.30,asr,95
,agh cha nel uss abbaneyn ooraghey mee erson jiu ta mee gennaghtyn faase agglagh as gyn bree,1988.56,1994.50,asr,87
,cheau mee ooilley jeh'n laa v'ayn jea cur eab er,1995.10,1998.28,asr,75
,ny va mee lhaih saveenagh syn astyr vrie mnr renfield row caa da fakin mee,1999.60,2007.67,asr,92
,va dooinney boght v'eh feer veen as ren eh guee bannaght yee orrym,2008.63,2012.86,asr,86
,ayns aght ennagh v'eh jannoo orrym dy mooar,2014.09,2017.12,asr,86
,ta mee keayney choud's ta mee smooinaghtyn er,2017.75,2020.24,asr,100
,s'noadyn annoonid shoh as shegin dou ve kiarailagh jeh,2021.32,2025.04,asr,90
,veagh jonathan feer trimshagh dy beagh fys echey dy row mee keayney,2025.91,2029.42,asr,100
,va eshyn as ny fir elley mooie derrey traa jinnairagh as haink ad ooilley stiagh ayn as adsyn skee,2031.34,2037.01,asr,100
,ren mee ny va mee abyl dy chur cree ayndaue,2038.45,2040.94,asr,100
,as ta mee sheein dy ren yn eab cur foast dooys erson yarrood mee cre cho skee as va mish,2041.48,2046.85,asr,99
,lurg ren ad cur mee dy lhie as hie ad ooilley dy smookal ry cheilley myr v'ad gra agh va fys aym dy row ad geearree ginsh dy cheilley mychione ny haghyr er,2047.99,2057.59,asr,95
,agh feiy'n laa dod mee fakin veih ymmyrkey jonathan dy row red ennagh scanshoil echey dy insh dou,2057.95,2064.55,asr,96
,cha row mee cho saveenagh as veagh cooie myr shoh roish my jagh shin vrie mee jehn erlhee seward dy chur dou beggan dy stoo lheeys as hug mee jeh sorch ennagh er-yn-oyr,2065.96,2076.49,asr,92
,nagh row mee y phadeyr dy mie yonee roish shen,2076.49,2079.16,asr,79
,ren eh dy feer chenjal gaarlaghey lheeah as cadley er my hon,2080.45,2084.32,asr,97
,hug eh dou as eh ginsh dou nagh jean eh assee dou er y fa v'eh feer feayr as,2085.31,2090.62,asr,93
,ta mee er nee oo sheese eh as ta mee fuirraghtyn er,2091.73,2094.52,asr,100
,vees foast tannaghtyn voym ta mee treishteil nagh vel mee er n'yannoo yn red neuchiart,2095.51,2101.18,asr,99
,erson chouds ta my sy vlein goaill toshiaght er cloie orrym,2101.72,2104.48,asr,89
,cheet orrym foddee dy row mee bolvaneagh ayns cur monney pooar dy ghoostey,2105.68,2110.30,asr,84
,foddee dy bee feme aym er shoh cadley,2110.90,2114.77,asr,100
,oie vie cabbil feed lioarlaa jonathan harker yn chied laa jerrey fouyir fastyr beg,2115.82,2124.01,asr,91
,hooar mee thomas snelling sy thie echey ayns,2125.42,2128.30,asr,87
,agh atreih cha row eh ayns stayd dy chur cooinaghtyn er veg,2129.41,2133.49,asr,86
,veg agh smooinaghtyn ro-laue er lhune v'er jerkit bentyn da'n cheayrt,2134.27,2138.47,asr,83
,haink eh magh dy row shen rouyr da as va er nghoaill toshiaght ro gheyr iuderagh echey v'eh jerkal rish,2139.13,2145.76,asr,92
,agh dynsee mee veih'n benheshey echey va jeeaghyn dy ve ny annym bio agh boght,2146.81,2151.79,asr,91
,dy row eh yn un chooneyder dys mollit ass yn daa chumraag va'n fer chur-magh,2152.24,2157.22,asr,93
,myr shoh dimman mee gys as hooar mee mnr joseph moyllit sthie as yn cooid echey jeh as eh goaill,2158.84,2165.47,asr,94
,dy anmagh ass skeeal t'eh ny ghooinney deieagh aghtal,2165.86,2170.42,asr,80
,dy baghtal sorch mie barrantagh dy obbree as lesh kione ahaz inchyn ayn,2170.93,2175.52,asr,94
,va cooinaghtyn echey er y clane bentyn da ny kishtaghyn as va lioar screeuee yindyssagh as corneilyn ny duillagyn fillit ghow eh magh veih poagey fuillaghtagh ennagh mysh,2176.66,2186.68,asr,94
,boy ny troosyn echey as ayn va entreilys yn hide y gliff ayns,2186.80,2190.49,asr,83
,lhie cheu lieh-chockit hug eh dou king yurnaa ny kishtaghyn,2191.09,2196.04,asr,90
,dooyrt eh dy row she sy lught kiart ghow eh veih,2197.09,2200.18,asr,100
,as daag eh ec un cheead kiare feed as shiaght-jeig straid jackson balley noa,2201.32,2208.07,asr,87
,as she elley hug eh stiagh ayns y,2209.36,2212.24,asr,73
,the make myr ve ard fon chouds guilley magh ny kemmyrk yn agglagh shoh erehon trooid lunnin va naboo shooyl reiht myr ny fir hoshee dy ve livreit,2212.57,2223.25,asr,79
,dy voddagh eh ny sanmee skeaylley magh ad ny s'lea,2223.40,2226.46,asr,94
,va'n aghtal grianagh ayn va shoh jeant cur orrym smooinaghtyn nagh row eh fosyn freayll eh hene gys daa heu jeh lunnin,2227.81,2234.59,asr,93
,v'eh nish soit ayns sodjey y vroo hwoaie,2235.40,2238.52,asr,86
,ayns y vroo yiass as sy jiass,2239.27,2241.82,asr,100
,son shickyrys cha row eh kiarail faagail mooie y twoaie as e huyr jeh'n as cheulagh echey,2242.45,2247.49,asr,89
,gyn cheet er y valley hene as eer chree y lunnin fashanagh sy heear yiass as e huyr,2248.12,2254.12,asr,96
,yn skeeal ardghooagh dracula liorish bram stoker vees ry chlashtyn ayns chyndaays sy ghaelg ayns claare ny gael,2259.67,2266.03,asr,95
,shen eh kiart nish as myr shoh ta shin cur kione er abbyr shen reesht slane lhiu,2266.90,2271.88,asr,100
,y lheid,2283.34,2283.67,asr,9
,enjoy the best balley on the island from just twenty tree nod oo,2289.40,2294.65,asr,7
,geddyr vees yn,2297.56,2311.33,asr,33
